0.0000
0.0500
0.0500
0.0500
0.0500
0.0500
0.0500
0.0500
0.0500
0.0500
0.0500
0.0500
0.0500
0.0500
0.0500
0.0500
0.0500
0.0500
0.0500
0.0500
0.0500
0.0500
0.0500
0.0500
0.0500
0.0500
0.0500
0.0500
0.0500
0.0500
0.0500
0.0500
0.0500
0.0500
0.0500
0.0500
0.0500
0.0500
0.0500
0.0500
0.0500
0.0500
0.0500
0.0500
0.0500
0.0500
0.0500
0.0500
0.0500
0.0500
0.0500
0.0500
0.0500
0.0500
0.0500
0.0500
0.0500
0.0500
0.0500
0.0500
0.0500
0.0500
0.0500
0.0500
0.0500
0.0500
0.0500
0.0500
0.0500
0.0500
0.0500
0.0500
0.0500
0.0500
0.0500
0.0500
0.0500
0.0500
0.0500
0.0500
0.0500
0.0500
0.0500
0.0500
0.0500
0.0500
0.0500
0.0500
0.0500
0.0500
0.0500
0.0500
0.0500
0.0500
0.0500
0.0500
0.0500
0.0500
0.0500
0.0500
0.0500
0.0500
0.0500
0.0500
0.0500
0.0500
0.0500
0.0500
0.0500
0.0500
0.0500
0.0500
0.0500
0.0500
0.0500
0.0500
0.0500
0.0500
0.0500
0.0500
0.0500
0.0500
0.0500
0.0500
0.0500
0.0500
0.0500
0.0500
0.0500
0.0500
0.0500
0.0500
0.0500
1.2069
1.6273
1.9680
2.2219
2.4758
2.7283
2.7131
2.4104
2.1076
1.8048
1.5149
1.2385
0.9620
0.6856
0.6270
0.7991
0.9712
1.1432
1.2189
1.1926
1.1663
1.1399
1.2559
1.5224
1.7890
2.0555
2.1910
2.1877
2.1844
2.1811
2.1648
2.1347
2.1047
2.0746
2.1167
2.2351
2.3536
2.4721
2.5814
2.6811
2.7807
2.8804
3.1792
3.6888
4.1984
4.7080
5.1365
5.4792
5.8220
6.1647
6.7597
7.6219
8.4841
9.3463
10.2523
11.2048
12.1572
13.1097
14.2723
15.6572
17.0422
18.4271
19.4743
20.1640
20.8536
21.5433
22.3019
23.1336
23.9652
24.7968
25.1781
25.0827
24.9873
24.8918
24.8151
24.7582
24.7013
24.6445
24.9048
25.5009
26.0970
26.6931
26.8256
26.4674
26.1092
25.7509
25.8757
26.5118
27.1478
27.7839
27.8118
27.1960
26.5801
25.9643
25.7924
26.0904
26.3885
26.6865
26.8503
26.8719
26.8936
26.9152
26.8838
26.7964
26.7089
26.6215
24.8503
21.2967
17.7431
14.1895
11.3715
9.3265
7.2834
5.2403
3.9272
3.3675
2.8142
2.2609
1.7917
1.4078
1.0251
0.6425
0.4851
0.5525
0.6245
0.6964
0.5819
0.2843
0.0501
0.0000
0.0000
0.0000
0.0000
0.0460
0.0090
0.0
